20230001 | 1000001 | 1609459200 | 1609545600
20230002 | 1000002 | 1609459200 | 1609632000
20230003 | 1000003 | 1609545600 | 1609728000
20230004 | 1000004 | 1609632000 | 1609814400
20230005 | 1000005 | 1609728000 | 1609900800
20230006 | 1000006 | 1609814400 | 1609900800
20230007 | 1000007 | 1609900800 | 1609987200
20230008 | 1000008 | 1609987200 | 1610073600
20230009 | 1000009 | 1610073600 | 1610160000
20230010 | 1000010 | 1610160000 | 1610246400
20230011 | 1000011 | 1610246400 | 1610332800
20230012 | 1000012 | 1610332800 | 1610419200
20230013 | 1000013 | 1610419200 | 1610505600
20230014 | 1000014 | 1610505600 | 1610592000
20230015 | 1000015 | 1610592000 | 1610678400
20230016 | 1000016 | 1610678400 | 1610764800
20230017 | 1000017 | 1610764800 | 1610851200
20230018 | 1000018 | 1610851200 | 1610937600
20230019 | 1000019 | 1610937600 | 1611024000
20230020 | 1000020 | 1611024000 | 1611110400